49
2279
205109
10243643
542717941
42934971283
2259287667029
144897286732361
6075621448154161
783894032689326589
43725081521218886699
2094030555844035650407
159732476478126543294883
12477661796899476687141227
633847887123601165597038901
49009660045733235026628106457
1637745718541765764400562914287
195167984464078563766902491198659
10953261403172668247767662274888489
487689637832776091773636048275978029
62632417436856872237016459261485164549
3401821626893395560802630096202914887497
208849426795120376362041070328841582336947
16967546833224227380133085800471109486009977
729345638038453912318004322667629964068977461
63977501407462205197623854798954511460241041993
3761637072857841170371385905317904730980064251117
224404079674676731970514259025693420813329622400121
8953692858064393214990830903995430954795187514451823
601728703568252054945841474529388037893007325565376721
44967721689054785194237195083418537745253200617868236247
2121476792617479595130503650422657509356578907268556669861
256665115384022051615656073862678833192529876320163693848437
10306610414844856450344447500277855889238792954514025402174573
1063875251202409276128076582232852614263942388688843122873982773
46795031189204206224095743137641200752446969602290991082931830567
3067927975504792009948755770137925954753465394440838857277945635911
189798870736445228010031692901112570912224862678153373656588379092783
15766387304477603907453599200576188701700443470815754803168173986793179
1036650930476753226567967587514952376488226660518529484757576652935826713
95549572092965041672229375999435956444445697617287395804104002413854683307
3646866766299404675894180604265144940886059593064211648046582224814334318251
227352525404994145667091273823084672804735373791198863078208340105217700510471
10196412134709251223141202018806620401232336982044721298768892267781641527591183
752326480585048231719814840912492703978636491908922277850569415441438303541582613
81890270218769187003648304264675561014934766798968008556443328817506332821681225491
3545040585934091249859557904122509478182310212733034798499331435403401080778480774683
369054601476583251309054443386916634220195446951793531511704382924040312525966931867237
13560813679964909945438217947592980754229129741511407251161206366957199425761663606942961
1328648282673072109858578045967492725623850888331973829835084080348716790315917277801933853
104065011940196873839391246343053078311634593011965806409576159870932534655665138613678595541
3950883155568503014479598543481862446647935591506127459237811146696795175640703551994335731579
280944378904058968746816727908398717092118347700989632855725122488602824951929954557346457825369
19268825934543860789963357058502658747742315352961536584247790972347341527486320181689305609059051
882247996911871320881643541228853798287697338451993872596608356778988035358938030419624790453563631
110532872174884716221052270893972277663692473911105929461208770517087997929177982984844699278821432527
6659960487646267672998526182750479510009715328221191895513076992325020959344702797858489461533014707249
233541249500263584840038275146116310839626986024519101991936323754080477857052708245747964319777818981119
21080537248470345096782041143453996500580742619545518330165185036816991739700733066458862882515185023955001
1827241539296057296909141916567595691513680941794154340729862698593755961146734689646861132546997734404011829
59400268787601946292265631449126598086986130160154789806121040733078601598729701599121572479667963802787591769
5744864765649369923696936606776099955809724077032323388177615297694301377683050781328501352374873901310214037273
255888861369651257556944108090190424237626683034909807207418190837426208593729210298433928813690678566348423200313
27689727414229910066549463495748707644659995909742724684341425742555568527774463089158167595305261843914170807076133
1417933746999682029759498855959818124403166468530713408742117110917506255109368737026208110391314458441839361899297903
49924607603890375720785829494457512667324597695177335723649700822193193580352858058326147541261348268254320664623710783
8966807998908609465235762903890847636419246613541178624384773380401273417208919828048514969593913363353899024729700132749
338250513160979749274882629805215067504260232998343545584052313184001511811376936221933274005280793965351324315099425312053
25022965872472231448519800972483425483311669666721845936444680605177113906696678896807638941710917911030482206937048558435943
2308150336319552221782943666539375696105751927617564892560762605763646482850489069744995513008646601060011811266596392973876257
99853877353494027179434585591963160642209390083738552030133466528492790644621652557245147968676767216824134385675988936615181681
6586652533263264366847681591289447393934672897711269479199268371009636560691238233281061725460124650052476690423335521812106184889
424516743460441914798060824936590749149160165782489138350298918405693091321270464023921382476941732173154859454297391278699258460743
35490934817767360997056205060134280020963046400845509648085997312040761924273597578946356851609667725833956093906846786964108584412257
2674759838610199601894995156062163979484986913192439185455657929375819624925527625675640666182741810966438663778469165293968165537670877
136931690629292375510747564389809763285258221027511637095589443447537864382835385710857002651674393702584373561754320749076007797078651269
6446720521335189403724456094232298838282302922041593114541157725126099207393641621493076527132591253780042679483463736417974363171738943193
443396829263104040001818668581859071996608598627271462327338794802379309753445431566206817813431077077156753140203924589814886538795009408887
23123677702949024941236425284672071340439552533866294458222942442807164175044006847532159765684163797022335225821199320253357546009377275287123
3083478659832187440189781211574301384505103114127872872494476566680043591522502699810550906488760824693150836988040641417019114784322544351746841
166327353540149859934789161480844591011319471930781381330012024765092097071206509560771647136333061740477215871850528942684644813156493312725795753
9133086908950160467850328855366226654720533946992357265982640643519185848619245141559102119016793492401382119719704553946254779571214258136354816279
505098079035808049657204051498906123125601417362402090868253160324510727370882557895317312106677519348784820078383105907760719133541363468366109845161
29562544116867783793537181583464100979036617643578246455201117640895033820845413500179722456317198511032973057257870582035241979195920886186829610660957
2449448323038469571905358812863939102869324947433082232990045943914516110275659722092015578267655934494394687235997979541232455231703842829625005409257821
109858796666346534302278599373240574093887441509982437851835194987202437104046943398815821514152339359343805176082285805436040229299218312120369912875728837
10863673251602026604651899234432573763127364509679004797628602996483791996184390196088818305673168877724472479222349856998418008994980186934706558774530473071
499284459900762993123844829559932491610406281881049253197722213453928165780802446854264095225738889676703142908742749344618175491810536309687889292796549103833
35572547508820094319720285791513150446064273039583149574871278605265387627578919265583017867051367434774525751040098242479144530912139312267854928737607755706247
1735973736705855779845592535045841874717129753458123979901200392577142701394415842624269464940679635447301398718226152007332071333032529279979277294780645907010281
105064955326967185728107552684670597721026975892644539992491495167258302518963220416721948489815503107857592679437457542544063066812552202927327302145019436735293589
7860246390697184875594674840733581363205185998722526710512782069850612684673798943503646500958264025500408630812179716988129302118656418203073046427504170825820313481
301377097738621408174171060231196172792783976912211866035708964502469574032667827199535355721128255830011592782497539916169833877637117072601098786435117024702552034413
22455057675593521201387264247544844951846905129279468340748235471128975930297721173723935028890729195569100131299307229665147502914356285571036838482462687924022310136863
1953478287605495067422953163240272060275385188670847198971047688273487107514289388565121060018662878962697727393461733400226185546072267916294406925882058250378123215774249
130832361992494500137847406280702981412785017728933394912842040260260458799677851940889266821185499607788797061149401893406169260741807110071097159664185750890833131973847543
9861463405743191302342677362704112926085331480606971363764314363792622123035156509423002891058118275003598932007347238882713242080735252207662535882388881165124105331712551969
597652859706715719618317218501780424917910362234336292788366664861531225432214033874578741836338609166801427065507927816948271750784222692066345218892779090370730145228396462531
44996421888368336527364018854258190433417555230892003399057217392035487329768510431782748834606809770238706502047598514665805933625989744120809897260666938034347995218840489153937
1282894855067522215539917568716979846158377160482747228619641224164356107356621746210295583289719679855449154510373219861822950626951090935973742533823250769611624433452826438787949